8398631647
8710627536
8713188400
8713194453
8726946786
8726955599
8736566464
8812460458
8815361391
8816372053
8821926448
8831130998
8833508549
8838087620
8840259837
8840933076
8846808319
8847436934
8848654003
8849097483
8850901711
8852493932
8856430204
8859172786
8866515488
8869053589
8869080953
8869090902
8870232090
8870262112
8870416118
8870439440
8870447612
8870478429
8870520693
8870556856
8870595396
8870642628
8870643004
8870652984
8871499158
8871681049
8871738151
8872237720
8872752927
8872828876
8872851470
